name: smartix
channels:
  - pytorch
  - defaults
  - conda-forge
dependencies:
  - _libgcc_mutex=0.1=main
  - backports=1.0=py_2
  - backports.weakref=1.0rc1=py36_1
  - blas=1.0=mkl
  - bleach=1.5.0=py36_0
  - ca-certificates=2020.1.1=0
  - cpuonly=1.0=0
  - cycler=0.10.0=py36_0
  - dbus=1.13.14=hb2f20db_0
  - deap=1.3.1=py36h830a2c2_1
  - expat=2.2.6=he6710b0_0
  - fontconfig=2.13.0=h9420a91_0
  - freetype=2.9.1=h8a8886c_1
  - glib=2.63.1=h5a9c865_0
  - gst-plugins-base=1.14.0=hbbd80ab_1
  - gstreamer=1.14.0=hb453b48_1
  - h5py=2.10.0=py36h7918eee_0
  - hdf5=1.10.4=hb1b8bf9_0
  - html5lib=0.9999999=py36_0
  - icu=58.2=he6710b0_3
  - intel-openmp=2020.0=166
  - joblib=0.15.1=py_0
  - jpeg=9b=h024ee3a_2
  - keras=2.3.1=0
  - keras-applications=1.0.8=py_0
  - keras-base=2.3.1=py36_0
  - kiwisolver=1.2.0=py36hfd86e86_0
  - krb5=1.16.4=h173b8e3_0
  - ld_impl_linux-64=2.33.1=h53a641e_7
  - libedit=3.1.20181209=hc058e9b_0
  - libffi=3.2.1=hd88cf55_4
  - libgcc-ng=9.1.0=hdf63c60_0
  - libgfortran-ng=7.3.0=hdf63c60_0
  - libpng=1.6.37=hbc83047_0
  - libpq=11.2=h20c2e04_0
  - libprotobuf=3.12.3=hd408876_0
  - libstdcxx-ng=9.1.0=hdf63c60_0
  - libtiff=4.1.0=h2733197_0
  - libuuid=1.0.3=h1bed415_2
  - libxcb=1.13=h1bed415_1
  - libxml2=2.9.9=hea5a465_1
  - matplotlib=3.1.3=py36_0
  - matplotlib-base=3.1.3=py36hef1b27d_0
  - mkl=2020.0=166
  - mkl-service=2.3.0=py36he904b0f_0
  - mkl_fft=1.0.15=py36ha843d7b_0
  - mkl_random=1.1.0=py36hd6b4f25_0
  - mock=4.0.2=py_0
  - ncurses=6.1=he6710b0_1
  - ninja=1.9.0=py36hfd86e86_0
  - olefile=0.46=py36_0
  - openssl=1.1.1g=h7b6447c_0
  - pcre=8.43=he6710b0_0
  - pillow=7.0.0=py36hb39fc2d_0
  - pip=20.0.2=py36_1
  - psycopg2=2.8.4=py36h1ba5d50_0
  - pyparsing=2.4.7=py_0
  - pyqt=5.9.2=py36h05f1152_2
  - python=3.6.10=h0371630_0
  - python-dateutil=2.8.1=py_0
  - python_abi=3.6=1_cp36m
  - pytorch=1.4.0=py3.6_cpu_0
  - pyyaml=5.3.1=py36h7b6447c_0
  - qt=5.9.7=h5867ecd_1
  - readline=7.0=h7b6447c_5
  - scikit-learn=0.22.1=py36hd81dba3_0
  - sip=4.19.8=py36hf484d3e_0
  - sqlite=3.31.1=h7b6447c_0
  - tensorflow=1.3.0=py36_0
  - tk=8.6.8=hbc83047_0
  - torchvision=0.5.0=py36_cpu
  - tornado=6.0.4=py36h7b6447c_1
  - webencodings=0.5.1=py36_1
  - werkzeug=1.0.1=py_0
  - xz=5.2.4=h14c3975_4
  - yaml=0.1.7=had09818_2
  - zlib=1.2.11=h7b6447c_3
  - zstd=1.3.7=h0b5b093_0
  - pip:
    - absl-py==0.9.0
    - astroid==2.4.1
    - astunparse==1.6.3
    - cachetools==4.1.0
    - certifi==2020.6.20
    - chardet==3.0.4
    - cloudpickle==1.2.2
    - flake8==3.8.1
    - future==0.18.2
    - gast==0.3.3
    - google-auth==1.18.0
    - google-auth-oauthlib==0.4.1
    - google-pasta==0.2.0
    - grpcio==1.29.0
    - gym==0.16.0
    - idna==2.9
    - importlib-metadata==1.6.1
    - isort==4.3.21
    - keras-preprocessing==1.1.2
    - keras-rl==0.4.2
    - lazy-object-proxy==1.4.3
    - markdown==3.2.2
    - mccabe==0.6.1
    - mysql-connector-python==8.0.20
    - numpy==1.19.0
    - oauthlib==3.1.0
    - opt-einsum==3.2.1
    - pandas==1.0.4
    - protobuf==3.11.3
    - pyasn1==0.4.8
    - pyasn1-modules==0.2.8
    - pycodestyle==2.6.0
    - pyflakes==2.2.0
    - pyglet==1.4.10
    - pylint==2.5.2
    - pyodbc==4.0.30
    - pytz==2020.1
    - requests==2.24.0
    - requests-oauthlib==1.3.0
    - rsa==4.6
    - scipy==1.4.1
    - seaborn==0.10.1
    - setuptools==47.3.1
    - six==1.15.0
    - sqlparse==0.3.1
    - tb-nightly==2.3.0a20200622
    - tensorboard-plugin-wit==1.6.0.post3
    - tensorflow-estimator==2.2.0
    - termcolor==1.1.0
    - tf-estimator-nightly==2.3.0.dev2020062201
    - tf-nightly==2.3.0.dev20200622
    - toml==0.10.1
    - typed-ast==1.4.1
    - urllib3==1.25.9
    - wheel==0.34.2
    - wrapt==1.12.1
    - zipp==3.1.0
prefix: /home/gabriel/anaconda3/envs/smartix

